0000500 000000 000000 000000 000000 000000 000000 000000 000000 000000 000000 000000 000000 000000 000000 000000 000000 000000 000000 000000 000000 000000 000000 000000 000000 000000 000000 000000 000000 000000 000000 000000 000000 000000 000000 000000 000000 00ff00 000000 000000 000000 000000 000000 000000 000000 000000
0000500 000000 000000 000000 000000 000000 000000 000000 000000 000000 000000 000000 000000 000000 000000 000000 000000 000000 000000 000000 000000 000000 000000 000000 000000 000000 000000 000000 000000 00ff00 000000 000000 000000 000000 000000 000000 000000 00ff00 000000 000000 000000 000000 000000 000000 000000 000000
0000500 000000 000000 000000 000000 000000 000000 000000 000000 000000 000000 000000 000000 000000 000000 000000 000000 000000 000000 000000 000000 00ff00 000000 000000 000000 000000 000000 000000 000000 00ff00 000000 000000 000000 000000 000000 000000 000000 00ff00 000000 000000 000000 000000 000000 000000 000000 000000
0000500 000000 000000 000000 000000 000000 000000 000000 000000 000000 000000 000000 000000 00ff00 000000 000000 000000 000000 000000 000000 000000 00ff00 000000 000000 000000 000000 000000 000000 000000 00ff00 000000 000000 000000 000000 000000 000000 000000 00ff00 000000 000000 000000 000000 000000 000000 000000 000000
0000500 000000 000000 000000 000000 00ff00 000000 000000 000000 000000 000000 000000 000000 00ff00 000000 000000 000000 000000 000000 000000 000000 00ff00 000000 000000 000000 000000 000000 000000 000000 00ff00 000000 000000 000000 000000 000000 000000 000000 000000 000000 000000 000000 000000 000000 000000 000000 000000
0000500 000000 000000 000000 000000 00ff00 000000 000000 000000 000000 000000 000000 000000 00ff00 000000 00ff00 000000 000000 000000 000000 000000 00ff00 000000 000000 000000 000000 000000 000000 000000 000000 000000 000000 000000 000000 000000 000000 000000 000000 000000 000000 000000 000000 000000 000000 000000 000000
0000500 000000 000000 000000 000000 00ff00 000000 000000 000000 000000 000000 000000 000000 00ff00 000000 00ff00 000000 000000 000000 000000 000000 000000 000000 000000 000000 00ff00 000000 000000 000000 000000 000000 000000 000000 000000 000000 000000 000000 000000 000000 000000 000000 000000 000000 000000 000000 000000
0000500 000000 000000 000000 000000 00ff00 000000 000000 000000 000000 000000 000000 000000 000000 000000 00ff00 000000 000000 000000 000000 000000 000000 000000 000000 000000 00ff00 000000 000000 000000 000000 000000 000000 000000 000000 000000 00ff00 000000 000000 000000 000000 000000 000000 000000 000000 000000 000000
0000500 000000 000000 000000 000000 000000 000000 000000 000000 000000 000000 000000 000000 000000 000000 00ff00 000000 000000 000000 000000 000000 000000 000000 000000 000000 00ff00 000000 000000 000000 000000 000000 000000 000000 000000 000000 00ff00 000000 000000 000000 000000 000000 000000 000000 000000 000000 00ff00
0000500 000000 000000 000000 000000 000000 000000 000000 000000 000000 000000 000000 000000 000000 000000 00ff00 000000 000000 000000 000000 000000 000000 000000 000000 000000 00ff00 000000 000000 000000 000000 000000 000000 000000 000000 000000 00ff00 000000 000000 000000 000000 000000 000000 000000 000000 000000 00ff00
0000500 000000 000000 000000 000000 00ff00 000000 000000 000000 000000 000000 000000 000000 000000 000000 00ff00 000000 000000 000000 000000 000000 000000 000000 000000 000000 00ff00 000000 000000 000000 000000 000000 000000 000000 000000 000000 00ff00 000000 000000 000000 000000 000000 000000 000000 000000 000000 000000
0000500 000000 000000 000000 000000 00ff00 000000 000000 000000 000000 000000 000000 000000 00ff00 000000 00ff00 000000 000000 000000 000000 000000 000000 000000 000000 000000 00ff00 000000 000000 000000 000000 000000 000000 000000 000000 000000 000000 000000 000000 000000 000000 000000 000000 000000 000000 000000 000000
0000500 000000 000000 000000 000000 00ff00 000000 000000 000000 000000 000000 000000 000000 00ff00 000000 00ff00 000000 000000 000000 000000 000000 00ff00 000000 000000 000000 000000 000000 000000 000000 000000 000000 000000 000000 000000 000000 000000 000000 000000 000000 000000 000000 000000 000000 000000 000000 000000
0000500 000000 000000 000000 000000 00ff00 000000 000000 000000 000000 000000 000000 000000 00ff00 000000 000000 000000 000000 000000 000000 000000 00ff00 000000 000000 000000 000000 000000 000000 000000 00ff00 000000 000000 000000 000000 000000 000000 000000 000000 000000 000000 000000 000000 000000 000000 000000 000000
0000500 000000 000000 000000 000000 000000 000000 000000 000000 000000 000000 000000 000000 00ff00 000000 000000 000000 000000 000000 000000 000000 00ff00 000000 000000 000000 000000 000000 000000 000000 00ff00 000000 000000 000000 000000 000000 000000 000000 00ff00 000000 000000 000000 000000 000000 000000 000000 000000
0000500 000000 000000 000000 000000 000000 000000 000000 000000 000000 000000 000000 000000 000000 000000 000000 000000 000000 000000 000000 000000 00ff00 000000 000000 000000 000000 000000 000000 000000 00ff00 000000 000000 000000 000000 000000 000000 000000 00ff00 000000 000000 000000 000000 000000 000000 000000 000000
0000500 000000 000000 000000 000000 000000 000000 000000 000000 000000 000000 000000 000000 000000 000000 000000 000000 000000 000000 000000 000000 000000 000000 000000 000000 000000 000000 000000 000000 00ff00 000000 000000 000000 000000 000000 000000 000000 00ff00 000000 000000 000000 000000 000000 000000 000000 000000
0000500 000000 000000 000000 000000 000000 000000 000000 000000 000000 000000 000000 000000 000000 000000 000000 000000 000000 000000 000000 000000 000000 000000 000000 000000 000000 000000 000000 000000 000000 000000 000000 000000 000000 000000 000000 000000 00ff00 000000 000000 000000 000000 000000 000000 000000 000000
0000300 000000 000000 000000 000000 000000 000000 000000 000000 000000 000000 000000 000000 000000 000000 000000 000000 000000 000000 000000 000000 000000 000000 000000 000000 000000 000000 000000 000000 000000 000000 000000 000000 000000 000000 000000 000000 000000 000000 000000 000000 000000 000000 000000 000000 000000
